cam0:
  T_cam_imu:
  - [-0.9998999892565146, 0.004922902388748979, 0.013258073649399897, -0.011815554666344352]
  - [-0.004016860565251834, -0.9977099136583705, 0.06751883455011752, 0.08955657137944775]
  - [0.01356010014791141, 0.0674588261080614, 0.9976299065605947, -0.008781135151420955]
  - [0.0, 0.0, 0.0, 1.0]
  cam_overlaps: []
  camera_model: pinhole
  distortion_coeffs: [-0.002546507979782821, -0.0019901595883390177, 0.0013933664140284017, -0.0016382762604292916]
  distortion_model: radtan
  intrinsics: [381.50091715225676, 380.6841806683357, 321.71880735049814, 239.39601119612195]
  resolution: [640, 480]
  rostopic: /cam0/image_raw
  timeshift_cam_imu: -0.005996859121934054
