cam0:
  T_cam_imu:
  - [-0.9997292012944635, 0.014917325759611164, 0.017860500309744495, -0.00040273672966118797]
  - [-0.013904397799618967, -0.9983588945391674, 0.05555344648498678, 0.0003881537865881355]
  - [0.018659898203438656, 0.05529006318238369, 0.9982959566743342, 6.786468439674447e-06]
  - [0.0, 0.0, 0.0, 1.0]
  cam_overlaps: []
  camera_model: pinhole
  distortion_coeffs: [-0.009921836219397975, -0.0049844883847385765, -0.0012990848137251379, -0.0005220275376505362]
  distortion_model: radtan
  intrinsics: [371.3638526917398, 370.1037210442627, 322.9755374978894, 236.56709512731518]
  resolution: [640, 480]
  rostopic: /cam0/image_raw
  timeshift_cam_imu: 3.805543251009524e-05
