cam0:
  T_cam_imu:
  - [-0.9999675687511974, 0.0046845093942410425, 0.0065510928518236035, -0.0011125128382533298]
  - [-0.004323631730426334, -0.9985285531854201, 0.054055847806597196, 0.009491959331157939]
  - [0.006794678393978443, 0.054025770195024664, 0.9985164237509344, 0.0053041758083287975]
  - [0.0, 0.0, 0.0, 1.0]
  cam_overlaps: []
  camera_model: pinhole
  distortion_coeffs: [-0.002546507979782821, -0.0019901595883390177, 0.0013933664140284017, -0.0016382762604292916]
  distortion_model: radtan
  intrinsics: [381.50091715225676, 380.6841806683357, 321.71880735049814, 239.39601119612195]
  resolution: [640, 480]
  rostopic: /cam0/image_raw
  timeshift_cam_imu: -0.007688637695939736
