cam0:
  T_cam_imu:
  - [-0.9999730827903597, 0.005987248825538995, -0.004241054850661898, 0.0014106550315497609]
  - [-0.006224216053466961, -0.9982820147699745, 0.05826043358335956, 0.05686916539832167]
  - [-0.003884949068521369, 0.05828526261674017, 0.9982924097339584, 0.020404690108348614]
  - [0.0, 0.0, 0.0, 1.0]
  cam_overlaps: []
  camera_model: pinhole
  distortion_coeffs: [-0.002546507979782821, -0.0019901595883390177, 0.0013933664140284017, -0.0016382762604292916]
  distortion_model: radtan
  intrinsics: [381.50091715225676, 380.6841806683357, 321.71880735049814, 239.39601119612195]
  resolution: [640, 480]
  rostopic: /cam0/image_raw
  timeshift_cam_imu: -0.007930718604559243
