cam0:
  T_cam_imu:
  - [-0.9998487031364668, 0.001039076997199274, 0.017363500664319464, -0.0021500556204446094]
  - [0.0003056660194080998, -0.9970105464505453, 0.07726497806037295, 0.06989096816754448]
  - [0.017391877547019194, 0.0772585955436625, 0.9968593842714281, 0.0014681657948139109]
  - [0.0, 0.0, 0.0, 1.0]
  cam_overlaps: []
  camera_model: pinhole
  distortion_coeffs: [0.12496895507988227, -0.31518878758447316, -0.00012944067080840156, -7.666745304637223e-05]
  distortion_model: radtan
  intrinsics: [595.4004159407851, 593.4144868269653, 325.5790322979441, 244.6964356993332]
  resolution: [640, 480]
  rostopic: /cam0/image_raw
  timeshift_cam_imu: 0.00029113708542802697
